10 0.00419727 10000 100000
20 0.00430037 5000 100000
30 0.00431043 3333 99990
40 0.00440862 2500 100000
50 0.00433582 2000 100000
60 0.00439405 1666 99960
70 0.00441172 1428 99960
80 0.0044014 1250 100000
90 0.00443484 1111 99990
100 0.00437839 1000 100000
110 0.00435308 909 99990
120 0.00438296 833 99960
130 0.00432807 769 99970
140 0.00451394 714 99960
150 0.00449383 666 99900
160 0.00464034 625 100000
170 0.00424406 588 99960
180 0.00449613 555 99900
190 0.00433774 526 99940
200 0.00444988 500 100000
210 0.00441312 476 99960
220 0.00433967 454 99880
230 0.00424003 434 99820
240 0.00419822 416 99840
250 0.00421717 400 100000
260 0.00415487 384 99840
270 0.00427074 370 99900
280 0.00443369 357 99960
290 0.00438715 344 99760
300 0.00457303 333 99900
310 0.0043668 322 99820
320 0.0047196 312 99840
330 0.00425673 303 99990
340 0.00432057 294 99960
350 0.00436258 285 99750
360 0.00437795 277 99720
370 0.00436008 270 99900
380 0.00437914 263 99940
390 0.00420409 256 99840
400 0.00454112 250 100000
410 0.00447191 243 99630
420 0.00441338 238 99960
430 0.00449743 232 99760
440 0.00440892 227 99880
450 0.00446856 222 99900
460 0.00434844 217 99820
470 0.00422712 212 99640
480 0.00444157 208 99840
490 0.00451025 204 99960
500 0.00414098 200 100000
510 0.00453899 196 99960
520 0.0044983 192 99840
530 0.00425842 188 99640
540 0.00428494 185 99900
550 0.00413133 181 99550
560 0.00465801 178 99680
570 0.00440511 175 99750
580 0.00439178 172 99760
590 0.00451435 169 99710
600 0.00457781 166 99600
610 0.0041189 163 99430
620 0.00443666 161 99820
630 0.00441149 158 99540
640 0.00444549 156 99840
650 0.0040491 153 99450
660 0.00458107 151 99660
670 0.00425244 149 99830
680 0.00436122 147 99960
690 0.0042995 144 99360
700 0.00434235 142 99400
710 0.00394645 140 99400
720 0.00444643 138 99360
730 0.00443496 136 99280
740 0.00440133 135 99900
750 0.00421531 133 99750
760 0.00431977 131 99560
770 0.00446284 129 99330
780 0.00427654 128 99840
790 0.0041507 126 99540
800 0.00463479 125 100000
810 0.00437088 123 99630
820 0.00438815 121 99220
830 0.00460144 120 99600
840 0.00457 119 99960
850 0.00423608 117 99450
860 0.00435306 116 99760
870 0.00404987 114 99180
880 0.00416102 113 99440
890 0.00439359 112 99680
900 0.00479246 111 99900
910 0.00455584 109 99190
920 0.00393607 108 99360
930 0.00426842 107 99510
940 0.00441657 106 99640
950 0.00432531 105 99750
960 0.00420479 104 99840
970 0.00452543 103 99910
980 0.00442329 102 99960
990 0.00443731 101 99990
1000 0.00417383 100 100000
1010 0.00440053 99 99990
1020 0.00440673 98 99960
1030 0.00451472 97 99910
1040 0.00409682 96 99840
1050 0.00436624 95 99750
1060 0.00431892 94 99640
1070 0.00471709 93 99510
1080 0.00434241 92 99360
1090 0.00454264 91 99190
1100 0.00409104 90 99000
1110 0.00429715 90 99900
1120 0.0045326 89 99680
1130 0.00463452 88 99440
1140 0.00417084 87 99180
1150 0.00432459 86 98900
1160 0.00390723 86 99760
1170 0.00446727 85 99450
1180 0.0044621 84 99120
1190 0.00463267 84 99960
1200 0.00469495 83 99600
1210 0.00402076 82 99220
1220 0.00400383 81 98820
1230 0.0040721 81 99630
1240 0.00414732 80 99200
1250 0.00421495 80 100000
1260 0.00483966 79 99540
1270 0.00438384 78 99060
1280 0.0041131 78 99840
1290 0.00415995 77 99330
1300 0.0039814 76 98800
1310 0.00449347 76 99560
1320 0.00473023 75 99000
1330 0.00438507 75 99750
1340 0.00420162 74 99160
1350 0.00441846 74 99900
1360 0.00424444 73 99280
1370 0.00445483 72 98640
1380 0.00417975 72 99360
1390 0.0042355 71 98690
1400 0.00455385 71 99400
1410 0.00457585 70 98700
1420 0.00419809 70 99400
1430 0.00442732 69 98670
1440 0.00420501 69 99360
1450 0.00408461 68 98600
1460 0.00424909 68 99280
1470 0.00400287 68 99960
1480 0.00427506 67 99160
1490 0.00465337 67 99830
1500 0.00424316 66 99000
1510 0.0044525 66 99660
1520 0.0044378 65 98800
1530 0.00434228 65 99450
1540 0.00433574 64 98560
1550 0.00421994 64 99200
1560 0.00449271 64 99840
1570 0.00411751 63 98910
1580 0.00394164 63 99540
1590 0.00445459 62 98580
1600 0.004654 62 99200
1610 0.00427681 62 99820
1620 0.00430527 61 98820
1630 0.00435304 61 99430
1640 0.00446765 60 98400
1650 0.00447028 60 99000
1660 0.00459984 60 99600
1670 0.00403592 59 98530
1680 0.00423619 59 99120
1690 0.00421835 59 99710
1700 0.00392738 58 98600
1710 0.00436407 58 99180
1720 0.00471157 58 99760
1730 0.00470206 57 98610
1740 0.00435011 57 99180
1750 0.0042836 57 99750
1760 0.00422993 56 98560
1770 0.00407253 56 99120
1780 0.00455933 56 99680
1790 0.00420514 55 98450
1800 0.00455457 55 99000
1810 0.00405043 55 99550
1820 0.00452915 54 98280
1830 0.00417594 54 98820
1840 0.00409184 54 99360
1850 0.00434828 54 99900
1860 0.00445535 53 98580
1870 0.00448391 53 99110
1880 0.00434814 53 99640
1890 0.00421993 52 98280
1900 0.00424947 52 98800
1910 0.00445416 52 99320
1920 0.00442984 52 99840
1930 0.00462184 51 98430
1940 0.00455879 51 98940
1950 0.00410731 51 99450
1960 0.00415698 51 99960
1970 0.00437813 50 98500
1980 0.00433105 50 99000
1990 0.00431814 50 99500
2000 0.00415662 50 100000
2010 0.00417672 49 98490
2020 0.00408809 49 98980
2030 0.00457291 49 99470
2040 0.00443794 49 99960
2050 0.0046471 48 98400
2060 0.00477172 48 98880
2070 0.00432592 48 99360
2080 0.00438097 48 99840
2090 0.00457617 47 98230
2100 0.00458976 47 98700
2110 0.00452335 47 99170
2120 0.00453334 47 99640
2130 0.00434694 46 97980
2140 0.00463062 46 98440
2150 0.00469406 46 98900
2160 0.00442739 46 99360
2170 0.00453449 46 99820
2180 0.00454452 45 98100
2190 0.00454613 45 98550
2200 0.00429044 45 99000
2210 0.00414857 45 99450
2220 0.0043368 45 99900
2230 0.00439964 44 98120
2240 0.00455406 44 98560
2250 0.00433559 44 99000
2260 0.00460024 44 99440
2270 0.00441895 44 99880
2280 0.00444389 43 98040
2290 0.0040697 43 98470
2300 0.00420241 43 98900
2310 0.00433548 43 99330
2320 0.00424296 43 99760
2330 0.00433872 42 97860
2340 0.00455896 42 98280
2350 0.00463955 42 98700
2360 0.00470192 42 99120
2370 0.0047526 42 99540
2380 0.00467269 42 99960
2390 0.00454518 41 97990
2400 0.0044291 41 98400
2410 0.00415508 41 98810
2420 0.0044607 41 99220
2430 0.00457602 41 99630
2440 0.00458255 40 97600
2450 0.00454503 40 98000
2460 0.00434508 40 98400
2470 0.00447602 40 98800
2480 0.00434384 40 99200
2490 0.00454999 40 99600
2500 0.00461303 40 100000
2510 0.00492274 39 97890
2520 0.00486427 39 98280
2530 0.00445655 39 98670
2540 0.00458643 39 99060
2550 0.00434827 39 99450
2560 0.00403864 39 99840
2570 0.00437698 38 97660
2580 0.00440995 38 98040
2590 0.0045078 38 98420
2600 0.0045154 38 98800
2610 0.00480199 38 99180
2620 0.00476317 38 99560
2630 0.00453762 38 99940
2640 0.00447075 37 97680
2650 0.00459563 37 98050
2660 0.00434888 37 98420
2670 0.00454047 37 98790
2680 0.00464869 37 99160
2690 0.00454582 37 99530
2700 0.00490657 37 99900
2710 0.00465372 36 97560
2720 0.00471313 36 97920
2730 0.00484275 36 98280
2740 0.00484876 36 98640
2750 0.00449655 36 99000
2760 0.00442415 36 99360
2770 0.00464097 36 99720
2780 0.00453629 35 97300
2790 0.00457804 35 97650
2800 0.00477877 35 98000
2810 0.00503088 35 98350
2820 0.00442091 35 98700
2830 0.00446128 35 99050
2840 0.00424434 35 99400
2850 0.00446406 35 99750
2860 0.0047053 34 97240
2870 0.00473686 34 97580
2880 0.00465203 34 97920
2890 0.00452244 34 98260
2900 0.00471737 34 98600
2910 0.00509924 34 98940
2920 0.00491039 34 99280
2930 0.00480412 34 99620
2940 0.00440582 34 99960
2950 0.00449199 33 97350
2960 0.00494632 33 97680
2970 0.0048521 33 98010
2980 0.00500516 33 98340
2990 0.00489563 33 98670
3000 0.00459452 33 99000
3010 0.00424296 33 99330
3020 0.00445215 33 99660
3030 0.00457913 33 99990
3040 0.00455444 32 97280
3050 0.00431451 32 97600
3060 0.00443391 32 97920
3070 0.00429559 32 98240
3080 0.00469796 32 98560
3090 0.00474745 32 98880
3100 0.00445344 32 99200
3110 0.00447174 32 99520
3120 0.00475877 32 99840
3130 0.00492583 31 97030
3140 0.00478473 31 97340
3150 0.004804 31 97650
3160 0.00483976 31 97960
3170 0.00484567 31 98270
3180 0.00502275 31 98580
3190 0.00449045 31 98890
3200 0.00436724 31 99200
3210 0.0041966 31 99510
3220 0.00417408 31 99820
3230 0.00412115 30 96900
3240 0.00446902 30 97200
3250 0.00469323 30 97500
3260 0.00500615 30 97800
3270 0.00499595 30 98100
3280 0.00533385 30 98400
3290 0.0051145 30 98700
3300 0.00508047 30 99000
3310 0.00491481 30 99300
3320 0.00474655 30 99600
3330 0.00462961 30 99900
3340 0.00475134 29 96860
3350 0.00482846 29 97150
3360 0.00440886 29 97440
3370 0.00446887 29 97730
3380 0.00446053 29 98020
3390 0.00469674 29 98310
3400 0.00436242 29 98600
3410 0.00448298 29 98890
3420 0.00417336 29 99180
3430 0.00454648 29 99470
3440 0.00484237 29 99760
3450 0.0051187 28 96600
3460 0.005033 28 96880
3470 0.00490602 28 97160
3480 0.00482767 28 97440
3490 0.00468216 28 97720
3500 0.00470541 28 98000
3510 0.00487876 28 98280
3520 0.00483747 28 98560
3530 0.00482852 28 98840
3540 0.00460062 28 99120
3550 0.00468572 28 99400
3560 0.00497904 28 99680
3570 0.00501279 28 99960
3580 0.00495104 27 96660
3590 0.00492118 27 96930
3600 0.00523533 27 97200
3610 0.00452948 27 97470
3620 0.00451519 27 97740
3630 0.00499813 27 98010
3640 0.00553952 27 98280
3650 0.0055454 27 98550
3660 0.00466785 27 98820
3670 0.00476318 27 99090
3680 0.00431294 27 99360
3690 0.00447408 27 99630
3700 0.00456334 27 99900
3710 0.00447937 26 96460
3720 0.00440635 26 96720
3730 0.004732 26 96980
3740 0.00480939 26 97240
3750 0.00452641 26 97500
3760 0.00469064 26 97760
3770 0.00457348 26 98020
3780 0.00442417 26 98280
3790 0.00446296 26 98540
3800 0.00473374 26 98800
3810 0.00501376 26 99060
3820 0.00482323 26 99320
3830 0.00504299 26 99580
3840 0.00481105 26 99840
3850 0.00514958 25 96250
3860 0.00523607 25 96500
3870 0.00492862 25 96750
3880 0.00452973 25 97000
3890 0.00458589 25 97250
3900 0.00449024 25 97500
3910 0.00448743 25 97750
3920 0.00448598 25 98000
3930 0.00432879 25 98250
3940 0.00438252 25 98500
3950 0.00480416 25 98750
3960 0.00483968 25 99000
3970 0.00495997 25 99250
3980 0.0049362 25 99500
3990 0.00464807 25 99750
4000 0.00466731 25 100000
4010 0.00485506 24 96240
4020 0.00474532 24 96480
4030 0.00462892 24 96720
4040 0.00456801 24 96960
4050 0.00498529 24 97200
4060 0.00513455 24 97440
4070 0.00490787 24 97680
4080 0.00469846 24 97920
4090 0.00465811 24 98160
4100 0.0048425 24 98400
4110 0.0048932 24 98640
4120 0.00502147 24 98880
4130 0.00464967 24 99120
4140 0.0047079 24 99360
4150 0.00477049 24 99600
4160 0.00465484 24 99840
4170 0.00476221 23 95910
4180 0.00490584 23 96140
4190 0.00473312 23 96370
4200 0.0049509 23 96600
4210 0.00476526 23 96830
4220 0.00502318 23 97060
4230 0.0046829 23 97290
4240 0.00472271 23 97520
4250 0.00420186 23 97750
4260 0.00408762 23 97980
4270 0.00418509 23 98210
4280 0.00439737 23 98440
4290 0.00420548 23 98670
4300 0.00434387 23 98900
4310 0.00411573 23 99130
4320 0.00396692 23 99360
4330 0.00407141 23 99590
4340 0.00422073 23 99820
4350 0.00447906 22 95700
4360 0.00455965 22 95920
4370 0.00457899 22 96140
4380 0.00496306 22 96360
4390 0.00479928 22 96580
4400 0.00492159 22 96800
4410 0.00493785 22 97020
4420 0.00489506 22 97240
4430 0.00506248 22 97460
4440 0.00511286 22 97680
4450 0.0056822 22 97900
4460 0.00546655 22 98120
4470 0.00561591 22 98340
4480 0.00547914 22 98560
4490 0.00534939 22 98780
4500 0.00525245 22 99000
4510 0.00511236 22 99220
4520 0.00537876 22 99440
4530 0.00544294 22 99660
4540 0.00521202 22 99880
4550 0.00525475 21 95550
4560 0.00524313 21 95760
4570 0.00526145 21 95970
4580 0.00485378 21 96180
4590 0.00479755 21 96390
4600 0.00501218 21 96600
4610 0.0047786 21 96810
4620 0.0049253 21 97020
4630 0.00562507 21 97230
4640 0.00515968 21 97440
4650 0.00501472 21 97650
4660 0.004999 21 97860
4670 0.00534983 21 98070
4680 0.00516787 21 98280
4690 0.00497877 21 98490
4700 0.00480543 21 98700
4710 0.00460552 21 98910
4720 0.00461505 21 99120
4730 0.00469532 21 99330
4740 0.00484073 21 99540
4750 0.00455026 21 99750
4760 0.00474224 21 99960
4770 0.00483425 20 95400
4780 0.0046553 20 95600
4790 0.00429989 20 95800
4800 0.00436688 20 96000
4810 0.00410097 20 96200
4820 0.0040979 20 96400
4830 0.00417193 20 96600
4840 0.00443777 20 96800
4850 0.00457641 20 97000
4860 0.00469126 20 97200
4870 0.00491344 20 97400
4880 0.00437945 20 97600
4890 0.0043541 20 97800
4900 0.0043263 20 98000
4910 0.00433445 20 98200
4920 0.00436304 20 98400
4930 0.0042024 20 98600
4940 0.00424449 20 98800
4950 0.00420287 20 99000
4960 0.00419952 20 99200
4970 0.00432921 20 99400
4980 0.00454937 20 99600
4990 0.00459996 20 99800
5000 0.00469767 20 100000
